9.307117035694888463e-01
8.946317778901573536e-01
8.918895034080325246e-01
8.260776271596348419e-01
8.044029003399968403e-01
6.824014482490186051e-01
6.732170365700198555e-01
6.251702248974657650e-01
6.232739172500072478e-01
6.067648296247458717e-01
5.968600453971906195e-01
5.962866423048527320e-01
5.920969920395711128e-01
5.039057310673271672e-01
4.909565468287478973e-01
4.677591603157394973e-01
4.472745683604184563e-01
3.457517662556136573e-01
3.436022837806096408e-01
2.833431612180260517e-01
2.140384744210690471e-01
1.401329856020404607e-01
7.286581246319878691e-02
6.864506317332708107e-02
6.554973203601965892e-02
4.985072194235751208e-02
4.845286945026516801e-02
4.634275406327592606e-02
4.289565692384500473e-02
4.048369272421337151e-02
2.591434527077696170e-02
2.223688135103096819e-02
2.195860134626559379e-02
1.425329163062505344e-02
1.322676145051671082e-02
1.159317627091760450e-02
9.962174274848134559e-03
9.580884543722301139e-03
8.441759954599281635e-03
4.726174087244627842e-03
3.986475463098604344e-03
3.484719560806315286e-03
2.969266489946109644e-03
2.387359736677585609e-03
2.352994444085210191e-03
2.017076803992878808e-03
1.571643751739681960e-03
1.055444745021727471e-03
6.760790217673617875e-04
6.658065568243554111e-04
6.600793169051488718e-04
6.247973626305469708e-04
6.031878736181273126e-04
5.925015977592540395e-04
5.591378909436395261e-04
4.744473719627828601e-04
4.030192867237047949e-04
3.890155065222611341e-04
3.798027913586299320e-04
3.770549988038052192e-04
1.960091850439216188e-04
1.803420902692920436e-04
1.685234363841825456e-04
1.595340729183547523e-04
1.396801149067261605e-04
1.376208013896818017e-04
1.374742818052165916e-04
1.363865380217266221e-04
1.321763170339940174e-04
1.084013270713501953e-04
9.212679140779833631e-05
8.723511226893521098e-05
7.589262442109223628e-05
7.099360388584941006e-05
6.676768997415649665e-05
5.993300231099674136e-05
5.626557903271045546e-05
5.522740079222376863e-05
5.076698463901685443e-05
4.769044820251977512e-05
4.746996929094748907e-05
3.800403713449806986e-05
3.222407368463908739e-05
3.093655797314909250e-05
2.854171983157627324e-05
2.788123422714505750e-05
2.611871347235616980e-05
2.356166589956298907e-05
2.207567346945715769e-05
2.111758006861919057e-05
1.891859422975539218e-05
1.250972167632369292e-05
1.111784635510204566e-05
1.058175696688756773e-05
9.956536433541884890e-06
9.036499794001784380e-06
8.869402002620319081e-06
8.851632347539606371e-06
7.096899095726527662e-06
6.978310761907025039e-06
6.623278466566517864e-06
5.397127780915056405e-06
5.019091222413507580e-06
4.928993968311701224e-06
4.824152001647874499e-06
4.033416560078606494e-06
4.026619845998169467e-06
3.975404538447691039e-06
3.410592506192244855e-06
2.678374496301039187e-06
2.492864747294376571e-06
2.231309964906280641e-06
2.082330167740842342e-06
2.057009704570234021e-06
2.042790727463383860e-06
1.984306640556710022e-06
1.875475380552771298e-06
1.858924322251098715e-06
1.618064302544297561e-06
1.448332124454054792e-06
1.257310123792265699e-06
1.204864917725423368e-06
1.162440310231716012e-06
1.050162077631533464e-06
1.027956057275680735e-06
1.027163471278846885e-06
9.680281484181207929e-07
9.584750532143360147e-07
9.095522456314952819e-07
9.072996347558870411e-07
8.904410589982703073e-07
8.720994734146003680e-07
8.216316224052278017e-07
7.860509796397963100e-07
7.459663817765971316e-07
6.587009095948559434e-07
6.081950503222799398e-07
5.725104892384536015e-07
4.337772505635939524e-07
4.302389322585753462e-07
3.916799086178812672e-07
3.817369238490186945e-07
3.789246476593177704e-07
3.753311172971507403e-07
3.550522860162885763e-07
3.027777321085167728e-07
2.518327802958353345e-07
2.428338977678023980e-07
2.286070026613629125e-07
2.264336191881710647e-07
2.236414500256245219e-07
1.921559255047000647e-07
1.910921187953107392e-07
1.825611728456522087e-07
1.809413937570170106e-07
1.719544971967579272e-07
1.672494475135621883e-07
1.669698994621882093e-07
1.560954414614457164e-07
1.529472732908487842e-07
1.486521150617647891e-07
1.481248215196018236e-07
1.456258571508328714e-07
1.416802468678923788e-07
1.412505946651876343e-07
1.335763709642279196e-07
1.290919809937562945e-07
1.194506134005735021e-07
1.152122151015788631e-07
1.092544961167618567e-07
1.053413899443356172e-07
1.049147478893175389e-07
1.044218125301199507e-07
9.350820739939535997e-08
8.798409256716155369e-08
8.453095112770370179e-08
8.308643528742720719e-08
8.229386505576030686e-08
7.633992682443135891e-08
7.522179912289317372e-08
7.438540072790544855e-08
7.394876488930890446e-08
7.177204097708056452e-08
7.081345565485008819e-08
6.992891798951461624e-08
6.967328380902415574e-08
6.725810375307617051e-08
6.637528404684900352e-08
6.233391958154754775e-08
6.039535815904883975e-08
5.611259301652182785e-08
5.446104234252402421e-08
5.024674210041268907e-08
4.955078258817025016e-08
4.816516940842063832e-08
4.694404298621890348e-08
4.383726937007281776e-08
4.174374013121706639e-08
4.030537037458259420e-08
3.976592810595036553e-08
3.929442526917625855e-08
3.587599539667252202e-08
3.393189151879028032e-08
3.311329455080169737e-08
3.267563497555414642e-08
3.216994171051368312e-08
2.946971466855075050e-08
2.880623672929516488e-08
2.744271632160177887e-08
2.690635492186288502e-08
2.559064138374367303e-08
2.480180871788917329e-08
2.348084771064407050e-08
2.248738351084966780e-08
2.186494896250223974e-08
2.099680940226278381e-08
1.962090157014984015e-08
1.764324908393177793e-08
1.733381282953416758e-08
1.711496899758913059e-08
1.699921692299710685e-08
1.662475634933713309e-08
1.652520831285642089e-08
1.641664382212582041e-08
1.466459509380513282e-08
1.256575554720029686e-08
1.250989889456377568e-08
1.238923530433311271e-08
1.236254920655710521e-08
1.218478828945990244e-08
1.197974563993398078e-08
1.178141806335020192e-08
1.114291248160981240e-08
1.109446134961444841e-08
1.066629584656197949e-08
1.051892062342574263e-08
1.023094786667400058e-08
1.021126472267042118e-08
1.015038730844963766e-08
9.660965361035778187e-09
9.422201019404496947e-09
9.290226143932045488e-09
9.288317892597319769e-09
8.995542533085654213e-09
8.711516175097244741e-09
8.625044456422870098e-09
8.396352280115593203e-09
7.975771598722758426e-09
7.790828648879255525e-09
6.845532474208937401e-09
6.479161429595592381e-09
6.366368987542614377e-09
6.347337544454489944e-09
6.122796492036286509e-09
6.071286584585777746e-09
5.717485818124146135e-09
5.417401638396768249e-09
5.351700638200895810e-09
5.177016260127231817e-09
5.072197106770204300e-09
4.957001809025030070e-09
4.946676845918318577e-09
4.925978402958719471e-09
4.710606238411685354e-09
4.357389671305611500e-09
4.302110556686500331e-09
4.260696462310420429e-09
4.244165685562961698e-09
3.876215126652482468e-09
3.865354814003296724e-09
3.569913586964901242e-09
3.194618569679619213e-09
3.091142897204690598e-09
3.081172317287439455e-09
2.941185517357780554e-09
2.786502140139646144e-09
2.725846770523787654e-09
2.659947484495717163e-09
2.626837636299228507e-09
2.428154344258359743e-09
2.367147589055207391e-09
2.344695326783607925e-09
2.318737424289452065e-09
2.250974517892245785e-09
2.225712281145320048e-09
2.210769012300772829e-09
2.145288835464498334e-09
1.986851017043989032e-09
1.973998520199415907e-09
1.967969565086491457e-09
1.792559989333142312e-09
1.774292046619052599e-09
1.743768351936125782e-09
1.536496152532151882e-09
1.518219550078470093e-09
1.486212486412341605e-09
1.484355749425958493e-09
1.387113535145090282e-09
1.382777448100114270e-09
1.309659047876721161e-09
1.298206209199292971e-09
1.252612902291616592e-09
1.168822594266316628e-09
1.158741547158115281e-09
1.019938022928101873e-09
9.564483649526778208e-10
8.906766435501367596e-10
8.547895724575482745e-10
8.388389982627586505e-10
8.112426286288609845e-10
8.090565994933740512e-10
7.018632341981856371e-10
6.915397143814061565e-10
6.472349323161097345e-10
6.302716126782570427e-10
6.178737521622679196e-10
5.736540131806577847e-10
5.676346059857451110e-10
5.674005709721541280e-10
5.232070332539251467e-10
5.073583775327961121e-10
4.941194120533509704e-10
4.853113466651848285e-10
4.494310479330465569e-10
3.857103525461980098e-10
3.792572922378667499e-10
3.784150770513861062e-10
3.628568556734990125e-10
3.529589953643608169e-10
3.501743339739959993e-10
3.166058526460346911e-10
3.142850424353582639e-10
3.114353219757504121e-10
2.999094306233018870e-10
2.841876733938875077e-10
2.817013289302394696e-10
2.724451775293346145e-10
2.633087081704843513e-10
2.594360282159868802e-10
2.333379045538208629e-10
2.095242868094260302e-10
1.827198392589934883e-10
1.663735815782274585e-10
1.533064786229942911e-10
1.506050839594763602e-10
1.494704360283094502e-10
1.368012370051019388e-10
1.216049483332426462e-10
1.178432906812076908e-10
1.162276941357731630e-10
1.134621285814318981e-10
1.065835197877618157e-10
9.766920605613904627e-11
7.570721827221404965e-11
7.568878857000527205e-11
7.278633251672772531e-11
7.020473091756684880e-11
6.681699638022564613e-11
6.375466821140207685e-11
6.056966039835742777e-11
5.535205627182904209e-11
4.567368705465923995e-11
4.212630244637693977e-11
3.908051660062028532e-11
3.832645312229487899e-11
3.502209633410302558e-11
3.458111574872191341e-11
3.420186356350995993e-11
3.417310878717216838e-11
2.972977419801736687e-11
2.655842212817560721e-11
1.695688034430986590e-11
1.506528235495352419e-11
9.424572233740491356e-12
8.140155216551647754e-12
6.149525333398742077e-12
5.737632591262809001e-12
5.464295682600095461e-12
5.440647932175579626e-12
3.945732629517806345e-12
3.442579554757685401e-12
3.200550935389401275e-12
3.187339281396361912e-12
1.046274178406747524e-12
1.036171148882658599e-12
9.514611321037591551e-13
5.899725152858081856e-13
