
-0.13677351 -0.05438939 -0.02954523  0.18128860  0.37859693  0.51852529
 0.90547799  1.14116397  1.25276126  1.25837205  1.28093135  1.30625601
 1.36300846  1.39977637  1.45073921  1.47260641  1.50965925  1.58296962
 1.58506584  1.69949679  1.71912602  1.86539157  1.91335395  1.97313396
 1.98397650  2.01100997  2.02582558  2.18820434  2.29107886  2.39183777
 2.40884763  2.51753123  2.59725747  2.60853214  2.62139761  2.66791605
 2.77568871  2.78339997  2.93005538  3.06705722  3.09063194  3.11646540
 3.16083956  3.24094520  3.42298863  3.48742019  3.49760651  3.51402595
 3.52500261  3.64331452  3.65850801  3.66788888  3.72036415  3.72711555
 3.77284486  3.77683113  3.78793170  3.82274351  3.83535468  3.86749880
 3.88513113  3.90522526  3.94540654  3.95282816  3.96555922  3.97059001
 3.97965856  4.04517126  4.04546408  4.04550714  4.04687628  4.06157629
 4.06332826  4.06961203  4.10676384  4.18908445  4.20922830  4.21767545
 4.21930764  4.33351585  4.34655680  4.36435197  4.37386378  4.37561711
 4.40327383  4.40448978  4.40649710  4.40836504  4.42980814  4.45070275
 4.46176194  4.46867383  4.49103561  4.49491281  4.52130772  4.61327025
 4.62662710  4.62749795  4.64947342  4.66106333  4.67193300  4.67636699
 4.68840929  4.70200063  4.71734242  4.72271495  4.72481021  4.75024088
 4.75572899  4.77302131  4.78340401  4.79689415  4.82449701  4.83049133
 4.83231694  4.83353939  4.84959296  4.85594230  4.88505753  4.90480697
 4.90484295  4.91240655  4.91341636  4.92682847  4.93696774  4.93808870
 4.94342488  4.95034791  4.95870523  4.97194569  4.98245634  4.98516614
 4.99048092  5.00592962  5.04050145  5.05019173  5.08961834  5.09608765
 5.11261148  5.13098534  5.13901173  5.15458679  5.19793631  5.26303318
 5.26491979  5.27202239  5.27694598  5.27893963  5.28310166  5.28526900
 5.29735131  5.30127958  5.31739344  5.33411502  5.33879921  5.35404473
 5.35801449  5.35910890  5.35934049  5.38351005  5.38667992  5.38813258
 5.39593829  5.41138286  5.41179959  5.41674151  5.43288423  5.45726270
 5.46056605  5.47084222  5.47554975  5.49190177  5.49520944  5.49690421
 5.49869568  5.50612255  5.51320949  5.51386938  5.51746851  5.52531228
 5.54209141  5.54771057  5.54977400  5.55520154  5.58586588  5.59092020
 5.59193668  5.60204862  5.60609631  5.61114889  5.61203318  5.61771614
 5.62996916  5.63938492  5.64783845  5.67198148  5.67788147  5.68694714
 5.68876802  5.68933950  5.69006528  5.70183665  5.71045556  5.71100909
 5.71362801  5.71633022  5.72095629  5.72720152  5.73506069  5.74142948
 5.75311670  5.77791114  5.78097475  5.79644954  5.80939436  5.81294456
 5.81300245  5.81826262  5.82552632  5.82876062  5.84245562  5.84598192
 5.84778350  5.85513393  5.85669246  5.85820865  5.87386118  5.87861631
 5.88325499  5.88398968  5.88467119  5.89588914  5.90333106  5.90399449
 5.90743786  5.92016843  5.92334933  5.93501900  5.94436199  5.95859637
 5.95902468  5.96713859  5.97602759  5.98248721  5.98996982  5.99095576
 5.99541414  6.01969575  6.02131234  6.02375598  6.03570941  6.03746180
 6.04450008  6.05748218  6.06255787  6.06264500  6.06601189  6.06967477
 6.07565852  6.07849811  6.07933446  6.08248623  6.08413818  6.08533730
 6.08803738  6.08880983  6.09340809  6.10506124  6.11027170  6.11074873
 6.11282920  6.11610583  6.11640200  6.11647052  6.13134570  6.13414563
 6.13688658  6.14205474  6.14237609  6.14593241  6.14722537  6.15564968
 6.17612661  6.18501185  6.18883599  6.20670046  6.21978375  6.22117624
 6.22364095  6.22616382  6.23702075  6.24889650  6.24947181  6.26160913
 6.26462453  6.26642479  6.26849271  6.27165308  6.27498398  6.27877027
 6.27985300  6.28638971  6.28918989  6.29080846  6.29445225  6.30043017
 6.30417373  6.30776701  6.31596135  6.34260969  6.36724815  6.37337168
 6.37652510  6.37956108  6.40091594  6.40698093  6.41212772  6.42723885
 6.43180776  6.43596303  6.44338931  6.44820361  6.45086004  6.45383956
 6.45850431  6.47234828  6.47792818  6.48143724  6.48335067  6.48767877
 6.48950682  6.48982576  6.49979648  6.50615699  6.52023863  6.52075751
 6.52689019  6.53221777  6.53621517  6.53652980  6.54693284  6.54866407
 6.55492210  6.58120333  6.59899178  6.60344025  6.60385058  6.61126212
 6.61216139  6.61735851  6.61777900  6.62017485  6.63126256  6.64851032
 6.65658721  6.66177900  6.66180128  6.67588286  6.69314160  6.73006681
 6.73008517  6.73776748  6.74979315  6.79674297  6.79888720  6.79989023
 6.82154334  6.82405025  6.83096108  6.83981157  6.85227637  6.85700051
 6.88900291  6.90324585  6.94028816  6.95022792  6.95162228  7.02025894
 7.03722278  7.03786998  7.05863670  7.08729443  7.11265453  7.13539464
 7.13813700  7.15418277  7.17585548
